[gd_scene load_steps=3 format=3 uid="uid://tofum8nmg41o"]

[sub_resource type="BoxMesh" id="BoxMesh_off57"]

[sub_resource type="PlaneMesh" id="PlaneMesh_71rfr"]

[node name="Node3D" type="Node3D"]
transform = Transform3D(1, 0, 0, 0, 0.17638, 0.984322, 0, -0.984322, 0.17638, 0.010269, -0.00186789, 0)

[node name="MeshInstance3D" type="MeshInstance3D" parent="."]
transform = Transform3D(0.234235, -0.338399, -0.0837425, 0.588932, 0.141889, -0.0562508, -0.10553, 0.0407309, -0.499792, -0.14374, 0.0764241, 0.565354)
mesh = SubResource("BoxMesh_off57")

[node name="Camera3D" type="Camera3D" parent="."]
transform = Transform3D(-0.0407757, -0.112731, 0.992788, -0.103917, 0.988705, 0.107999, -0.99375, -0.0987638, -0.0520299, 1.54944, -0.552807, 0.793412)
fov = 77.8037
near = 0.016

[node name="DirectionalLight3D" type="DirectionalLight3D" parent="."]
transform = Transform3D(-0.112948, 0.291704, 0.949817, 0.379622, -0.870743, 0.312562, 0.918221, 0.395874, -0.0123887, -2.74839, 0.240936, 1.36339)

[node name="MeshInstance3D2" type="MeshInstance3D" parent="."]
transform = Transform3D(0.708227, -0.285489, -0.552255, 0.705616, 0.257528, 0.565263, -0.0228555, -0.895839, 0.338491, 0.0168905, -0.0928169, -0.500516)
mesh = SubResource("PlaneMesh_71rfr")
